. Sequence file : [all_organisms_full.phylip]

. Model of nucleotides substitution : GTR

. Initial tree : [BioNJ]


. Data	Nb of 	Likelihood	Discrete   	Number of 	Gamma shape	Proportion of	Nucleotides frequencies               	Instantaneous rate matrix              	
  set	taxa	loglk     	gamma model	categories	parameter  	invariant    	f(A)      f(C)      f(G)      f(T)    	[A---------C---------G---------T------]	

  #1	12   	-2023.60539	Yes        	4        	4.000    	0.000    	 0.24056   0.20282   0.29334   0.26327	-1.08080   0.35014   0.37517   0.35549  
      	     	          	           	          	           	             	                                      	 0.41529  -1.31685   0.36336   0.53820  
      	     	          	           	          	           	             	                                      	 0.30767   0.25124  -0.75370   0.19480  
      	     	          	           	          	           	             	                                      	 0.32483   0.41462   0.21705  -0.95650  

  #2	12   	-1962.80368	Yes        	4        	4.000    	0.000    	 0.25368   0.19693   0.29080   0.25859	-1.06029   0.39728   0.42761   0.23539  
      	     	          	           	          	           	             	                                      	 0.51177  -1.43269   0.16698   0.75394  
      	     	          	           	          	           	             	                                      	 0.37303   0.11308  -0.65691   0.17079  
      	     	          	           	          	           	             	                                      	 0.23092   0.57418   0.19207  -0.99716  

  #3	12   	-1900.42756	Yes        	4        	4.000    	0.000    	 0.24962   0.20135   0.29849   0.25054	-1.08090   0.39313   0.46932   0.21845  
      	     	          	           	          	           	             	                                      	 0.48736  -1.53781   0.37331   0.67714  
      	     	          	           	          	           	             	                                      	 0.39247   0.25182  -0.70687   0.06258  
      	     	          	           	          	           	             	                                      	 0.21765   0.54421   0.07456  -0.83641  

  #4	12   	-1838.65288	Yes        	4        	4.000    	0.000    	 0.26343   0.20510   0.28093   0.25054	-0.97189   0.32650   0.32092   0.32447  
      	     	          	           	          	           	             	                                      	 0.41937  -1.50896   0.37261   0.71699  
      	     	          	           	          	           	             	                                      	 0.30093   0.27202  -0.64592   0.07297  
      	     	          	           	          	           	             	                                      	 0.34117   0.58694   0.08183  -1.00994  

  #5	12   	-1955.90145	Yes        	4        	4.000    	0.000    	 0.26128   0.22536   0.26466   0.24870	-1.04869   0.31910   0.50765   0.22194  
      	     	          	           	          	           	             	                                      	 0.36996  -1.23403   0.24502   0.61905  
      	     	          	           	          	           	             	                                      	 0.50117   0.20863  -0.82795   0.11814  
      	     	          	           	          	           	             	                                      	 0.23318   0.56097   0.12573  -0.91987  

  #6	12   	-2027.72290	Yes        	4        	4.000    	0.000    	 0.23374   0.19663   0.28957   0.28006	-1.00695   0.39890   0.40871   0.19933  
      	     	          	           	          	           	             	                                      	 0.47420  -1.62848   0.30893   0.84536  
      	     	          	           	          	           	             	                                      	 0.32992   0.20977  -0.66978   0.13010  
      	     	          	           	          	           	             	                                      	 0.16637   0.59351   0.13451  -0.89439  

  #7	12   	-1978.17133	Yes        	4        	4.000    	0.000    	 0.23757   0.19122   0.28300   0.28821	-0.93149   0.25723   0.42191   0.25235  
      	     	          	           	          	           	             	                                      	 0.31958  -1.54552   0.45620   0.76974  
      	     	          	           	          	           	             	                                      	 0.35418   0.30826  -0.81891   0.15647  
      	     	          	           	          	           	             	                                      	 0.20800   0.51070   0.15364  -0.87235  

  #8	12   	-1965.89851	Yes        	4        	4.000    	0.000    	 0.25676   0.19165   0.28041   0.27119	-0.99206   0.40709   0.35254   0.23243  
      	     	          	           	          	           	             	                                      	 0.54540  -1.74901   0.32888   0.87473  
      	     	          	           	          	           	             	                                      	 0.32281   0.22478  -0.59970   0.05212  
      	     	          	           	          	           	             	                                      	 0.22006   0.61815   0.05389  -0.89210  

  #9	12   	-1894.90794	Yes        	4        	4.000    	0.000    	 0.23988   0.20951   0.29294   0.25767	-1.01784   0.27919   0.54146   0.19719  
      	     	          	           	          	           	             	                                      	 0.31966  -1.29630   0.28659   0.69005  
      	     	          	           	          	           	             	                                      	 0.44337   0.20496  -0.82321   0.17487  
      	     	          	           	          	           	             	                                      	 0.18357   0.56108   0.19882  -0.94347  

  #10	12   	-1911.81410	Yes        	4        	4.000    	0.000    	 0.22881   0.21345   0.27334   0.28440	-1.06752   0.35834   0.47839   0.23079  
      	     	          	           	          	           	             	                                      	 0.38412  -1.37597   0.43060   0.56125  
      	     	          	           	          	           	             	                                      	 0.40045   0.33626  -0.89778   0.16108  
      	     	          	           	          	           	             	                                      	 0.18568   0.42124   0.15482  -0.76174  

  #11	12   	-1975.07660	Yes        	4        	4.000    	0.000    	 0.25845   0.21573   0.29072   0.23510	-0.95736   0.32267   0.42872   0.20597  
      	     	          	           	          	           	             	                                      	 0.38656  -1.37064   0.31771   0.66638  
      	     	          	           	          	           	             	                                      	 0.38113   0.23576  -0.75541   0.13851  
      	     	          	           	          	           	             	                                      	 0.22643   0.61150   0.17129  -1.00922  

  #12	12   	-1822.34116	Yes        	4        	4.000    	0.000    	 0.25238   0.20812   0.26806   0.27144	-0.99251   0.32858   0.43818   0.22575  
      	     	          	           	          	           	             	                                      	 0.39847  -1.35769   0.25889   0.70034  
      	     	          	           	          	           	             	                                      	 0.41255   0.20099  -0.79962   0.18608  
      	     	          	           	          	           	             	                                      	 0.20990   0.53695   0.18376  -0.93060  

  #13	12   	-1813.70226	Yes        	4        	4.000    	0.000    	 0.25107   0.20018   0.25107   0.29767	-0.97011   0.36569   0.37971   0.22471  
      	     	          	           	          	           	             	                                      	 0.45865  -1.52594   0.31060   0.75669  
      	     	          	           	          	           	             	                                      	 0.37971   0.24764  -0.79773   0.17038  
      	     	          	           	          	           	             	                                      	 0.18953   0.50888   0.14371  -0.84212  

  #14	12   	-1955.61418	Yes        	4        	4.000    	0.000    	 0.23826   0.19711   0.28677   0.27786	-0.85951   0.31128   0.36453   0.18370  
      	     	          	           	          	           	             	                                      	 0.37625  -1.58207   0.28042   0.92539  
      	     	          	           	          	           	             	                                      	 0.30287   0.19275  -0.69625   0.20063  
      	     	          	           	          	           	             	                                      	 0.15752   0.65647   0.20706  -1.02104  

  #15	12   	-1921.08996	Yes        	4        	4.000    	0.000    	 0.20878   0.22536   0.26589   0.29997	-1.20719   0.35718   0.57107   0.27893  
      	     	          	           	          	           	             	                                      	 0.33091  -1.28551   0.21564   0.73896  
      	     	          	           	          	           	             	                                      	 0.44842   0.18277  -0.75467   0.12348  
      	     	          	           	          	           	             	                                      	 0.19414   0.55517   0.10945  -0.85875  

  #16	12   	-1881.68472	Yes        	4        	4.000    	0.000    	 0.25598   0.18363   0.31698   0.24341	-0.96583   0.32140   0.33415   0.31028  
      	     	          	           	          	           	             	                                      	 0.44803  -1.66960   0.27456   0.94701  
      	     	          	           	          	           	             	                                      	 0.26984   0.15905  -0.51865   0.08976  
      	     	          	           	          	           	             	                                      	 0.32630   0.71444   0.11689  -1.15763  

  #17	12   	-1921.38199	Yes        	4        	4.000    	0.000    	 0.23119   0.23334   0.25975   0.27571	-1.08368   0.36015   0.43171   0.29182  
      	     	          	           	          	           	             	                                      	 0.35683  -1.22399   0.28383   0.58332  
      	     	          	           	          	           	             	                                      	 0.38425   0.25498  -0.82062   0.18138  
      	     	          	           	          	           	             	                                      	 0.24470   0.49368   0.17088  -0.90926  

  #18	12   	-1966.89282	Yes        	4        	4.000    	0.000    	 0.22007   0.21793   0.27195   0.29006	-1.20392   0.42652   0.51309   0.26430  
      	     	          	           	          	           	             	                                      	 0.43073  -1.31530   0.23824   0.64634  
      	     	          	           	          	           	             	                                      	 0.41522   0.19091  -0.76160   0.15547  
      	     	          	           	          	           	             	                                      	 0.20053   0.48561   0.14576  -0.83190  

  #19	12   	-1987.72116	Yes        	4        	4.000    	0.000    	 0.26980   0.19644   0.27624   0.25752	-0.95179   0.22154   0.44816   0.28209  
      	     	          	           	          	           	             	                                      	 0.30428  -1.36806   0.33670   0.72708  
      	     	          	           	          	           	             	                                      	 0.43770   0.23943  -0.80108   0.12395  
      	     	          	           	          	           	             	                                      	 0.29554   0.55463   0.13296  -0.98313  

  #20	12   	-1844.48612	Yes        	4        	4.000    	0.000    	 0.24870   0.17939   0.31708   0.25483	-1.10416   0.33054   0.51615   0.25747  
      	     	          	           	          	           	             	                                      	 0.45823  -1.48162   0.26779   0.75559  
      	     	          	           	          	           	             	                                      	 0.40483   0.15151  -0.68821   0.13187  
      	     	          	           	          	           	             	                                      	 0.25127   0.53192   0.16408  -0.94727  

  #21	12   	-1893.81443	Yes        	4        	4.000    	0.000    	 0.23207   0.23666   0.25353   0.27774	-1.08924   0.37773   0.45346   0.25806  
      	     	          	           	          	           	             	                                      	 0.37039  -1.30977   0.22604   0.71335  
      	     	          	           	          	           	             	                                      	 0.41508   0.21101  -0.72432   0.09823  
      	     	          	           	          	           	             	                                      	 0.21562   0.60784   0.08967  -0.91312  

  #22	12   	-1986.36200	Yes        	4        	4.000    	0.000    	 0.21626   0.25613   0.26104   0.26656	-1.38448   0.40938   0.73021   0.24489  
      	     	          	           	          	           	             	                                      	 0.34565  -1.01421   0.21219   0.45637  
      	     	          	           	          	           	             	                                      	 0.60494   0.20820  -0.92558   0.11244  
      	     	          	           	          	           	             	                                      	 0.19867   0.43852   0.11011  -0.74730  

  #23	12   	-1928.90022	Yes        	4        	4.000    	0.000    	 0.23349   0.23840   0.27773   0.25038	-1.02331   0.40307   0.42698   0.19326  
      	     	          	           	          	           	             	                                      	 0.39476  -1.30833   0.22793   0.68564  
      	     	          	           	          	           	             	                                      	 0.35896   0.19566  -0.71044   0.15581  
      	     	          	           	          	           	             	                                      	 0.18022   0.65283   0.17283  -1.00587  

  #24	12   	-1814.51630	Yes        	4        	4.000    	0.000    	 0.25476   0.18907   0.28729   0.26888	-1.13400   0.30671   0.64997   0.17732  
      	     	          	           	          	           	             	                                      	 0.41326  -1.35247   0.23645   0.70275  
      	     	          	           	          	           	             	                                      	 0.57636   0.15561  -0.84868   0.11670  
      	     	          	           	          	           	             	                                      	 0.16801   0.49417   0.12469  -0.78687  

  #25	12   	-1990.34416	Yes        	4        	4.000    	0.000    	 0.26481   0.24179   0.25284   0.24056	-1.11766   0.42100   0.34519   0.35147  
      	     	          	           	          	           	             	                                      	 0.46107  -1.13416   0.15389   0.51920  
      	     	          	           	          	           	             	                                      	 0.36153   0.14717  -0.67201   0.16330  
      	     	          	           	          	           	             	                                      	 0.38688   0.52185   0.17164  -1.08037  

  #26	12   	-1945.46919	Yes        	4        	4.000    	0.000    	 0.20613   0.18926   0.32791   0.27669	-1.21578   0.38961   0.51800   0.30817  
      	     	          	           	          	           	             	                                      	 0.42434  -1.49061   0.28381   0.78246  
      	     	          	           	          	           	             	                                      	 0.32563   0.16381  -0.63453   0.14509  
      	     	          	           	          	           	             	                                      	 0.22959   0.53523   0.17195  -0.93678  

  #27	12   	-1987.15370	Yes        	4        	4.000    	0.000    	 0.23818   0.21639   0.27225   0.27317	-0.98191   0.40603   0.38134   0.19454  
      	     	          	           	          	           	             	                                      	 0.44692  -1.52198   0.34242   0.73264  
      	     	          	           	          	           	             	                                      	 0.33362   0.27216  -0.72880   0.12302  
      	     	          	           	          	           	             	                                      	 0.16962   0.58035   0.12261  -0.87258  

  #28	12   	-2030.80089	Yes        	4        	4.000    	0.000    	 0.20700   0.23741   0.28839   0.26720	-1.26830   0.41446   0.57025   0.28359  
      	     	          	           	          	           	             	                                      	 0.36138  -1.25777   0.19779   0.69860  
      	     	          	           	          	           	             	                                      	 0.40932   0.16282  -0.65761   0.08547  
      	     	          	           	          	           	             	                                      	 0.21970   0.62071   0.09225  -0.93266  

  #29	12   	-1984.09698	Yes        	4        	4.000    	0.000    	 0.27021   0.23425   0.25515   0.24039	-0.92177   0.37244   0.33444   0.21489  
      	     	          	           	          	           	             	                                      	 0.42963  -1.27297   0.17496   0.66839  
      	     	          	           	          	           	             	                                      	 0.35418   0.16062  -0.72401   0.20920  
      	     	          	           	          	           	             	                                      	 0.24154   0.65129   0.22204  -1.11487  

  #30	12   	-1915.00459	Yes        	4        	4.000    	0.000    	 0.28466   0.17301   0.29417   0.24816	-1.01110   0.39401   0.40205   0.21504  
      	     	          	           	          	           	             	                                      	 0.64830  -1.57876   0.19469   0.73578  
      	     	          	           	          	           	             	                                      	 0.38905   0.11450  -0.67760   0.17405  
      	     	          	           	          	           	             	                                      	 0.24668   0.51295   0.20632  -0.96595  

  #31	12   	-2005.97756	Yes        	4        	4.000    	0.000    	 0.26740   0.23766   0.25790   0.23704	-0.99858   0.32095   0.39695   0.28067  
      	     	          	           	          	           	             	                                      	 0.36112  -1.23415   0.25780   0.61522  
      	     	          	           	          	           	             	                                      	 0.41158   0.23757  -0.74802   0.09887  
      	     	          	           	          	           	             	                                      	 0.31662   0.61682   0.10757  -1.04100  

  #32	12   	-1879.53557	Yes        	4        	4.000    	0.000    	 0.26313   0.22076   0.28707   0.22905	-0.97173   0.38750   0.43071   0.15352  
      	     	          	           	          	           	             	                                      	 0.46188  -1.42624   0.29467   0.66970  
      	     	          	           	          	           	             	                                      	 0.39478   0.22659  -0.73084   0.10947  
      	     	          	           	          	           	             	                                      	 0.17636   0.64546   0.13720  -0.95902  

  #33	12   	-2033.50135	Yes        	4        	4.000    	0.000    	 0.24501   0.24378   0.26251   0.24870	-1.12579   0.38443   0.49389   0.24747  
      	     	          	           	          	           	             	                                      	 0.38637  -1.13231   0.23864   0.50730  
      	     	          	           	          	           	             	                                      	 0.46096   0.22161  -0.84379   0.16121  
      	     	          	           	          	           	             	                                      	 0.24381   0.49728   0.17017  -0.91126  

  #34	12   	-2053.90918	Yes        	4        	4.000    	0.000    	 0.26006   0.22628   0.24900   0.26466	-0.96777   0.30208   0.45310   0.21258  
      	     	          	           	          	           	             	                                      	 0.34717  -1.22860   0.25507   0.62636  
      	     	          	           	          	           	             	                                      	 0.47322   0.23180  -0.90129   0.19628  
      	     	          	           	          	           	             	                                      	 0.20889   0.53553   0.18466  -0.92908  

  #35	12   	-1838.70511	Yes        	4        	4.000    	0.000    	 0.26603   0.18871   0.27493   0.27033	-0.97562   0.30441   0.50870   0.16251  
      	     	          	           	          	           	             	                                      	 0.42914  -1.52186   0.43496   0.65776  
      	     	          	           	          	           	             	                                      	 0.49223   0.29855  -0.91535   0.12457  
      	     	          	           	          	           	             	                                      	 0.15993   0.45916   0.12669  -0.74578  

  #36	12   	-1812.89635	Yes        	4        	4.000    	0.000    	 0.24163   0.18975   0.29137   0.27725	-1.07075   0.30373   0.47156   0.29545  
      	     	          	           	          	           	             	                                      	 0.38679  -1.35102   0.25636   0.70786  
      	     	          	           	          	           	             	                                      	 0.39107   0.16695  -0.75815   0.20014  
      	     	          	           	          	           	             	                                      	 0.25750   0.48445   0.21033  -0.95228  

  #37	12   	-1938.25533	Yes        	4        	4.000    	0.000    	 0.25192   0.22890   0.23872   0.28045	-0.98237   0.34052   0.42194   0.21992  
      	     	          	           	          	           	             	                                      	 0.37475  -1.26891   0.23522   0.65894  
      	     	          	           	          	           	             	                                      	 0.44526   0.22554  -0.87123   0.20043  
      	     	          	           	          	           	             	                                      	 0.19754   0.53782   0.17060  -0.90597  

  #38	12   	-2023.50184	Yes        	4        	4.000    	0.000    	 0.20074   0.24303   0.26816   0.28808	-1.20536   0.29114   0.54312   0.37110  
      	     	          	           	          	           	             	                                      	 0.24047  -1.13888   0.35886   0.53954  
      	     	          	           	          	           	             	                                      	 0.40657   0.32523  -0.87986   0.14806  
      	     	          	           	          	           	             	                                      	 0.25858   0.45517   0.13783  -0.85157  

  #39	12   	-1938.64615	Yes        	4        	4.000    	0.000    	 0.25599   0.16974   0.28607   0.28821	-1.06457   0.29113   0.50099   0.27246  
      	     	          	           	          	           	             	                                      	 0.43906  -1.56836   0.31684   0.81246  
      	     	          	           	          	           	             	                                      	 0.44831   0.18799  -0.76146   0.12516  
      	     	          	           	          	           	             	                                      	 0.24199   0.47848   0.12422  -0.84469  

  #40	12   	-1879.88909	Yes        	4        	4.000    	0.000    	 0.26258   0.20429   0.29479   0.23834	-1.17680   0.26541   0.63745   0.27394  
      	     	          	           	          	           	             	                                      	 0.34113  -1.14368   0.25974   0.54281  
      	     	          	           	          	           	             	                                      	 0.56780   0.18000  -0.83954   0.09173  
      	     	          	           	          	           	             	                                      	 0.30179   0.46527   0.11346  -0.88052  

  #41	12   	-2009.95796	Yes        	4        	4.000    	0.000    	 0.24210   0.19270   0.27432   0.29089	-1.14079   0.30727   0.50765   0.32587  
      	     	          	           	          	           	             	                                      	 0.38604  -1.37016   0.27092   0.71319  
      	     	          	           	          	           	             	                                      	 0.44803   0.19031  -0.76294   0.12460  
      	     	          	           	          	           	             	                                      	 0.27122   0.47245   0.11750  -0.86117  

  #42	12   	-1898.38146	Yes        	4        	4.000    	0.000    	 0.28238   0.19920   0.26458   0.25384	-0.98034   0.32775   0.41988   0.23271  
      	     	          	           	          	           	             	                                      	 0.46461  -1.38843   0.21819   0.70563  
      	     	          	           	          	           	             	                                      	 0.44813   0.16428  -0.76035   0.14794  
      	     	          	           	          	           	             	                                      	 0.25888   0.55375   0.15420  -0.96683  

  #43	12   	-1990.42064	Yes        	4        	4.000    	0.000    	 0.25292   0.18715   0.27289   0.28703	-0.93204   0.31087   0.41014   0.21102  
      	     	          	           	          	           	             	                                      	 0.42011  -1.56137   0.27348   0.86778  
      	     	          	           	          	           	             	                                      	 0.38012   0.18755  -0.75338   0.18570  
      	     	          	           	          	           	             	                                      	 0.18595   0.56582   0.17656  -0.92832  

  #44	12   	-1920.24108	Yes        	4        	4.000    	0.000    	 0.22727   0.19472   0.26904   0.30897	-0.95671   0.29155   0.36872   0.29644  
      	     	          	           	          	           	             	                                      	 0.34029  -1.43403   0.29839   0.79536  
      	     	          	           	          	           	             	                                      	 0.31148   0.21596  -0.78611   0.25868  
      	     	          	           	          	           	             	                                      	 0.21806   0.50125   0.22525  -0.94456  

  #45	12   	-1981.57804	Yes        	4        	4.000    	0.000    	 0.22699   0.23160   0.28528   0.25613	-1.03989   0.31129   0.49511   0.23349  
      	     	          	           	          	           	             	                                      	 0.30510  -1.28993   0.23038   0.75445  
      	     	          	           	          	           	             	                                      	 0.39396   0.18703  -0.70672   0.12574  
      	     	          	           	          	           	             	                                      	 0.20693   0.68217   0.14004  -1.02914  

  #46	12   	-1888.75676	Yes        	4        	4.000    	0.000    	 0.26497   0.16917   0.29966   0.26620	-1.04826   0.26079   0.49043   0.29705  
      	     	          	           	          	           	             	                                      	 0.40846  -1.42468   0.30355   0.71267  
      	     	          	           	          	           	             	                                      	 0.43365   0.17137  -0.77296   0.16794  
      	     	          	           	          	           	             	                                      	 0.29567   0.45292   0.18906  -0.93765  

  #47	12   	-1869.66473	Yes        	4        	4.000    	0.000    	 0.26818   0.17214   0.26327   0.29641	-1.03925   0.32025   0.42758   0.29141  
      	     	          	           	          	           	             	                                      	 0.49893  -1.60765   0.22716   0.88156  
      	     	          	           	          	           	             	                                      	 0.43556   0.14853  -0.69971   0.11562  
      	     	          	           	          	           	             	                                      	 0.26366   0.51196   0.10269  -0.87832  

  #48	12   	-1965.77039	Yes        	4        	4.000    	0.000    	 0.28672   0.20730   0.24410   0.26188	-0.95884   0.36259   0.35609   0.24016  
      	     	          	           	          	           	             	                                      	 0.50152  -1.41585   0.23009   0.68425  
      	     	          	           	          	           	             	                                      	 0.41827   0.19540  -0.75927   0.14560  
      	     	          	           	          	           	             	                                      	 0.26294   0.54163   0.13571  -0.94027  

  #49	12   	-1933.28304	Yes        	4        	4.000    	0.000    	 0.24609   0.19761   0.28444   0.27186	-0.97532   0.39791   0.42716   0.15026  
      	     	          	           	          	           	             	                                      	 0.49553  -1.58201   0.12259   0.96389  
      	     	          	           	          	           	             	                                      	 0.36956   0.08516  -0.61395   0.15922  
      	     	          	           	          	           	             	                                      	 0.13601   0.70062   0.16659  -1.00322  

  #50	12   	-1941.05435	Yes        	4        	4.000    	0.000    	 0.22400   0.21632   0.29702   0.26266	-1.31898   0.38271   0.58304   0.35323  
      	     	          	           	          	           	             	                                      	 0.39628  -1.12101   0.23005   0.49468  
      	     	          	           	          	           	             	                                      	 0.43969   0.16755  -0.76810   0.16086  
      	     	          	           	          	           	             	                                      	 0.30124   0.40741   0.18191  -0.89056  

  #51	12   	-1964.72764	Yes        	4        	4.000    	0.000    	 0.23228   0.22400   0.29303   0.25069	-0.99565   0.30645   0.46655   0.22265  
      	     	          	           	          	           	             	                                      	 0.31778  -1.28001   0.26786   0.69437  
      	     	          	           	          	           	             	                                      	 0.36982   0.20475  -0.75611   0.18154  
      	     	          	           	          	           	             	                                      	 0.20630   0.62042   0.21220  -1.03892  

  #52	12   	-1986.26775	Yes        	4        	4.000    	0.000    	 0.20944   0.24870   0.27262   0.26924	-1.11238   0.46015   0.42958   0.22265  
      	     	          	           	          	           	             	                                      	 0.38752  -1.28036   0.13719   0.75565  
      	     	          	           	          	           	             	                                      	 0.33004   0.12515  -0.62016   0.16496  
      	     	          	           	          	           	             	                                      	 0.17320   0.69798   0.16703  -1.03821  

  #53	12   	-1885.73750	Yes        	4        	4.000    	0.000    	 0.26804   0.22597   0.25177   0.25422	-1.02802   0.29506   0.46271   0.27024  
      	     	          	           	          	           	             	                                      	 0.34998  -1.20643   0.23324   0.62321  
      	     	          	           	          	           	             	                                      	 0.49262   0.20934  -0.82477   0.12280  
      	     	          	           	          	           	             	                                      	 0.28493   0.55396   0.12161  -0.96051  

  #54	12   	-1873.62460	Yes        	4        	4.000    	0.000    	 0.23396   0.21216   0.28738   0.26650	-1.08648   0.31459   0.55135   0.22054  
      	     	          	           	          	           	             	                                      	 0.34692  -1.32915   0.24219   0.74004  
      	     	          	           	          	           	             	                                      	 0.44885   0.17880  -0.75787   0.13021  
      	     	          	           	          	           	             	                                      	 0.19360   0.58914   0.14041  -0.92315  

  #55	12   	-1935.41957	Yes        	4        	4.000    	0.000    	 0.23972   0.23266   0.26427   0.26335	-0.92242   0.16914   0.49036   0.26292  
      	     	          	           	          	           	             	                                      	 0.17427  -1.20053   0.33107   0.69519  
      	     	          	           	          	           	             	                                      	 0.44480   0.29147  -0.88805   0.15178  
      	     	          	           	          	           	             	                                      	 0.23932   0.61417   0.15231  -1.00580  

  #56	12   	-1993.29874	Yes        	4        	4.000    	0.000    	 0.22055   0.19141   0.29479   0.29325	-1.26661   0.30644   0.60072   0.35945  
      	     	          	           	          	           	             	                                      	 0.35309  -1.35200   0.38190   0.61701  
      	     	          	           	          	           	             	                                      	 0.44945   0.24798  -0.79731   0.09988  
      	     	          	           	          	           	             	                                      	 0.27034   0.40273   0.10041  -0.77348  

  #57	12   	-1951.71852	Yes        	4        	4.000    	0.000    	 0.23786   0.19914   0.27382   0.28918	-1.12687   0.53068   0.40919   0.18700  
      	     	          	           	          	           	             	                                      	 0.63387  -1.66111   0.32879   0.69846  
      	     	          	           	          	           	             	                                      	 0.35546   0.23912  -0.69463   0.10005  
      	     	          	           	          	           	             	                                      	 0.15381   0.48098   0.09474  -0.72953  

  #58	12   	-1921.61397	Yes        	4        	4.000    	0.000    	 0.26395   0.19007   0.27284   0.27315	-1.04034   0.27328   0.46870   0.29836  
      	     	          	           	          	           	             	                                      	 0.37950  -1.30434   0.19890   0.72594  
      	     	          	           	          	           	             	                                      	 0.45343   0.13856  -0.77386   0.18187  
      	     	          	           	          	           	             	                                      	 0.28832   0.50514   0.18167  -0.97513  

  #59	12   	-1912.18617	Yes        	4        	4.000    	0.000    	 0.25760   0.17746   0.28093   0.28400	-0.95832   0.32224   0.48740   0.14868  
      	     	          	           	          	           	             	                                      	 0.46775  -1.71491   0.25007   0.99708  
      	     	          	           	          	           	             	                                      	 0.44692   0.15797  -0.71812   0.11324  
      	     	          	           	          	           	             	                                      	 0.13485   0.62304   0.11202  -0.86991  

  #60	12   	-2051.47548	Yes        	4        	4.000    	0.000    	 0.23459   0.19749   0.26648   0.30144	-1.01558   0.31509   0.45662   0.24387  
      	     	          	           	          	           	             	                                      	 0.37429  -1.47416   0.31517   0.78470  
      	     	          	           	          	           	             	                                      	 0.40197   0.23357  -0.80270   0.16716  
      	     	          	           	          	           	             	                                      	 0.18979   0.51408   0.14778  -0.85165  

  #61	12   	-1921.33119	Yes        	4        	4.000    	0.000    	 0.21486   0.24800   0.28330   0.25384	-1.11781   0.27167   0.54527   0.30087  
      	     	          	           	          	           	             	                                      	 0.23536  -1.13156   0.16343   0.73278  
      	     	          	           	          	           	             	                                      	 0.41353   0.14306  -0.68921   0.13261  
      	     	          	           	          	           	             	                                      	 0.25466   0.71594   0.14801  -1.11861  

  #62	12   	-1976.02890	Yes        	4        	4.000    	0.000    	 0.24156   0.22713   0.27839   0.25292	-1.03208   0.34089   0.52359   0.16760  
      	     	          	           	          	           	             	                                      	 0.36254  -1.28568   0.30388   0.61925  
      	     	          	           	          	           	             	                                      	 0.45432   0.24793  -0.84958   0.14733  
      	     	          	           	          	           	             	                                      	 0.16007   0.55612   0.16218  -0.87837  

  #63	12   	-1897.28986	Yes        	4        	4.000    	0.000    	 0.26955   0.20944   0.24624   0.27476	-0.95528   0.29204   0.30671   0.35654  
      	     	          	           	          	           	             	                                      	 0.37584  -1.33234   0.24829   0.70821  
      	     	          	           	          	           	             	                                      	 0.33574   0.21118  -0.71818   0.17125  
      	     	          	           	          	           	             	                                      	 0.34977   0.53985   0.15348  -1.04310  

  #64	12   	-1941.95539	Yes        	4        	4.000    	0.000    	 0.28182   0.23827   0.25544   0.22447	-0.87223   0.26961   0.36804   0.23458  
      	     	          	           	          	           	             	                                      	 0.31888  -1.28301   0.26756   0.69656  
      	     	          	           	          	           	             	                                      	 0.40604   0.24957  -0.75141   0.09580  
      	     	          	           	          	           	             	                                      	 0.29450   0.73938   0.10902  -1.14290  

  #65	12   	-1845.46820	Yes        	4        	4.000    	0.000    	 0.22246   0.21663   0.28690   0.27401	-1.03250   0.39507   0.38360   0.25382  
      	     	          	           	          	           	             	                                      	 0.40571  -1.45242   0.31294   0.73378  
      	     	          	           	          	           	             	                                      	 0.29745   0.23629  -0.68557   0.15183  
      	     	          	           	          	           	             	                                      	 0.20607   0.58012   0.15897  -0.94516  

  #66	12   	-1920.86671	Yes        	4        	4.000    	0.000    	 0.27206   0.18660   0.27421   0.26714	-0.92414   0.29709   0.47824   0.14880  
      	     	          	           	          	           	             	                                      	 0.43316  -1.47169   0.29738   0.74115  
      	     	          	           	          	           	             	                                      	 0.47449   0.20237  -0.87668   0.19983  
      	     	          	           	          	           	             	                                      	 0.15154   0.51770   0.20511  -0.87436  

  #67	12   	-1995.77717	Yes        	4        	4.000    	0.000    	 0.23703   0.21584   0.29383   0.25330	-1.08395   0.36669   0.53060   0.18665  
      	     	          	           	          	           	             	                                      	 0.40269  -1.31000   0.31777   0.58954  
      	     	          	           	          	           	             	                                      	 0.42803   0.23343  -0.82223   0.16077  
      	     	          	           	          	           	             	                                      	 0.17466   0.50236   0.18649  -0.86351  

  #68	12   	-1900.47029	Yes        	4        	4.000    	0.000    	 0.26935   0.17414   0.28900   0.26751	-0.91051   0.25948   0.44956   0.20146  
      	     	          	           	          	           	             	                                      	 0.40135  -1.68394   0.34472   0.93787  
      	     	          	           	          	           	             	                                      	 0.41899   0.20771  -0.73537   0.10867  
      	     	          	           	          	           	             	                                      	 0.20285   0.61053   0.11740  -0.93078  

  #69	12   	-1953.31220	Yes        	4        	4.000    	0.000    	 0.24755   0.21012   0.29816   0.24417	-1.04864   0.29872   0.52188   0.22803  
      	     	          	           	          	           	             	                                      	 0.35193  -1.39220   0.34317   0.69710  
      	     	          	           	          	           	             	                                      	 0.43329   0.24184  -0.74835   0.07321  
      	     	          	           	          	           	             	                                      	 0.23118   0.59989   0.08940  -0.92048  

  #70	12   	-1819.21716	Yes        	4        	4.000    	0.000    	 0.19472   0.19810   0.32371   0.28348	-1.44390   0.40072   0.66776   0.37542  
      	     	          	           	          	           	             	                                      	 0.39388  -1.28779   0.22261   0.67130  
      	     	          	           	          	           	             	                                      	 0.40167   0.13623  -0.66693   0.12903  
      	     	          	           	          	           	             	                                      	 0.25787   0.46911   0.14734  -0.87433  

  #71	12   	-1955.88048	Yes        	4        	4.000    	0.000    	 0.25407   0.18525   0.28571   0.27496	-1.13906   0.37272   0.50177   0.26457  
      	     	          	           	          	           	             	                                      	 0.51118  -1.41977   0.16376   0.74483  
      	     	          	           	          	           	             	                                      	 0.44619   0.10618  -0.70035   0.14797  
      	     	          	           	          	           	             	                                      	 0.24447   0.50183   0.15376  -0.90006  

  #72	12   	-1868.77530	Yes        	4        	4.000    	0.000    	 0.24164   0.21466   0.27231   0.27139	-0.90904   0.41811   0.32584   0.16509  
      	     	          	           	          	           	             	                                      	 0.47068  -1.61255   0.35426   0.78761  
      	     	          	           	          	           	             	                                      	 0.28914   0.27926  -0.69776   0.12935  
      	     	          	           	          	           	             	                                      	 0.14700   0.62297   0.12979  -0.89975  

  #73	12   	-1978.86919	Yes        	4        	4.000    	0.000    	 0.26994   0.18558   0.30920   0.23528	-0.88090   0.28314   0.39729   0.20048  
      	     	          	           	          	           	             	                                      	 0.41184  -1.64547   0.35919   0.87444  
      	     	          	           	          	           	             	                                      	 0.34684   0.21559  -0.67002   0.10760  
      	     	          	           	          	           	             	                                      	 0.23001   0.68975   0.14141  -1.06116  

  #74	12   	-1972.71972	Yes        	4        	4.000    	0.000    	 0.26628   0.19625   0.25860   0.27887	-0.99269   0.30980   0.48460   0.19830  
      	     	          	           	          	           	             	                                      	 0.42034  -1.35520   0.15246   0.78240  
      	     	          	           	          	           	             	                                      	 0.49898   0.11570  -0.81654   0.20185  
      	     	          	           	          	           	             	                                      	 0.18934   0.55061   0.18718  -0.92714  

  #75	12   	-1790.24721	Yes        	4        	4.000    	0.000    	 0.22699   0.23466   0.26380   0.27454	-1.26335   0.43963   0.52977   0.29395  
      	     	          	           	          	           	             	                                      	 0.42526  -1.25579   0.30234   0.52820  
      	     	          	           	          	           	             	                                      	 0.45585   0.26894  -0.79428   0.06949  
      	     	          	           	          	           	             	                                      	 0.24305   0.45148   0.06677  -0.76129  

  #76	12   	-1983.86360	Yes        	4        	4.000    	0.000    	 0.26826   0.17894   0.27716   0.27563	-0.85071   0.29564   0.37501   0.18005  
      	     	          	           	          	           	             	                                      	 0.44321  -1.82425   0.30425   1.07679  
      	     	          	           	          	           	             	                                      	 0.36297   0.19643  -0.64836   0.08896  
      	     	          	           	          	           	             	                                      	 0.17524   0.69908   0.08946  -0.96378  

  #77	12   	-1938.81671	Yes        	4        	4.000    	0.000    	 0.24486   0.18533   0.31359   0.25621	-1.07075   0.33600   0.49895   0.23580  
      	     	          	           	          	           	             	                                      	 0.44392  -1.54234   0.27687   0.82155  
      	     	          	           	          	           	             	                                      	 0.38959   0.16363  -0.66242   0.10920  
      	     	          	           	          	           	             	                                      	 0.22535   0.59427   0.13365  -0.95327  

  #78	12   	-1972.90020	Yes        	4        	4.000    	0.000    	 0.26044   0.18888   0.27703   0.27365	-0.93493   0.33413   0.35444   0.24636  
      	     	          	           	          	           	             	                                      	 0.46072  -1.53278   0.36625   0.70580  
      	     	          	           	          	           	             	                                      	 0.33322   0.24972  -0.77791   0.19497  
      	     	          	           	          	           	             	                                      	 0.23447   0.48717   0.19738  -0.91902  

  #79	12   	-1935.64155	Yes        	4        	4.000    	0.000    	 0.24547   0.21418   0.27401   0.26634	-1.15144   0.38150   0.46278   0.30716  
      	     	          	           	          	           	             	                                      	 0.43725  -1.33779   0.20231   0.69823  
      	     	          	           	          	           	             	                                      	 0.41458   0.15814  -0.66205   0.08933  
      	     	          	           	          	           	             	                                      	 0.28309   0.56148   0.09190  -0.93647  

  #80	12   	-1930.79077	Yes        	4        	4.000    	0.000    	 0.26996   0.19533   0.25246   0.28225	-0.85072   0.34661   0.33945   0.16466  
      	     	          	           	          	           	             	                                      	 0.47904  -1.75038   0.33258   0.93877  
      	     	          	           	          	           	             	                                      	 0.36299   0.25732  -0.70746   0.08716  
      	     	          	           	          	           	             	                                      	 0.15750   0.64968   0.07796  -0.88514  

  #81	12   	-1926.39066	Yes        	4        	4.000    	0.000    	 0.24893   0.20902   0.28975   0.25230	-1.23017   0.42166   0.58263   0.22588  
      	     	          	           	          	           	             	                                      	 0.50215  -1.26421   0.23606   0.52601  
      	     	          	           	          	           	             	                                      	 0.50055   0.17029  -0.78987   0.11903  
      	     	          	           	          	           	             	                                      	 0.22286   0.43578   0.13670  -0.79533  

  #82	12   	-1942.35950	Yes        	4        	4.000    	0.000    	 0.25891   0.21959   0.28593   0.23557	-0.95071   0.25325   0.47677   0.22068  
      	     	          	           	          	           	             	                                      	 0.29859  -1.28274   0.34696   0.63719  
      	     	          	           	          	           	             	                                      	 0.43170   0.26646  -0.83016   0.13200  
      	     	          	           	          	           	             	                                      	 0.24255   0.59399   0.16022  -0.99676  

  #83	12   	-1916.14048	Yes        	4        	4.000    	0.000    	 0.26434   0.23612   0.26372   0.23582	-0.92523   0.34561   0.36892   0.21070  
      	     	          	           	          	           	             	                                      	 0.38691  -1.26876   0.26383   0.61802  
      	     	          	           	          	           	             	                                      	 0.36978   0.23622  -0.78499   0.17898  
      	     	          	           	          	           	             	                                      	 0.23618   0.61882   0.20016  -1.05516  

  #84	12   	-1865.91455	Yes        	4        	4.000    	0.000    	 0.24387   0.18896   0.31718   0.25000	-0.97038   0.39304   0.38407   0.19327  
      	     	          	           	          	           	             	                                      	 0.50726  -1.64241   0.33770   0.79745  
      	     	          	           	          	           	             	                                      	 0.29529   0.20118  -0.65054   0.15406  
      	     	          	           	          	           	             	                                      	 0.18852   0.60274   0.19546  -0.98672  

  #85	12   	-1909.92026	Yes        	4        	4.000    	0.000    	 0.25791   0.18913   0.30243   0.25054	-0.98735   0.33354   0.34872   0.30509  
      	     	          	           	          	           	             	                                      	 0.45483  -1.40354   0.20178   0.74693  
      	     	          	           	          	           	             	                                      	 0.29738   0.12619  -0.64156   0.21799  
      	     	          	           	          	           	             	                                      	 0.31406   0.56386   0.26314  -1.14106  

  #86	12   	-1929.63770	Yes        	4        	4.000    	0.000    	 0.24186   0.19975   0.30424   0.25415	-1.02217   0.33201   0.47887   0.21129  
      	     	          	           	          	           	             	                                      	 0.40198  -1.52799   0.37230   0.75371  
      	     	          	           	          	           	             	                                      	 0.38068   0.24444  -0.71668   0.09156  
      	     	          	           	          	           	             	                                      	 0.20107   0.59239   0.10961  -0.90308  

  #87	12   	-1908.90494	Yes        	4        	4.000    	0.000    	 0.29706   0.18915   0.24985   0.26395	-0.90900   0.36100   0.36078   0.18721  
      	     	          	           	          	           	             	                                      	 0.56695  -1.59341   0.24186   0.78459  
      	     	          	           	          	           	             	                                      	 0.42895   0.18311  -0.75544   0.14339  
      	     	          	           	          	           	             	                                      	 0.21070   0.56225   0.13572  -0.90867  

  #88	12   	-1979.44992	Yes        	4        	4.000    	0.000    	 0.24532   0.20730   0.27262   0.27476	-1.08149   0.32750   0.38139   0.37260  
      	     	          	           	          	           	             	                                      	 0.38758  -1.30764   0.18807   0.73199  
      	     	          	           	          	           	             	                                      	 0.34320   0.14301  -0.64746   0.16125  
      	     	          	           	          	           	             	                                      	 0.33268   0.55226   0.15999  -1.04493  

  #89	12   	-2072.33121	Yes        	4        	4.000    	0.000    	 0.24286   0.21062   0.26405   0.28247	-1.20767   0.36375   0.56564   0.27828  
      	     	          	           	          	           	             	                                      	 0.41942  -1.29780   0.25777   0.62061  
      	     	          	           	          	           	             	                                      	 0.52026   0.20562  -0.80804   0.08217  
      	     	          	           	          	           	             	                                      	 0.23926   0.46276   0.07681  -0.77883  

  #90	12   	-1916.07035	Yes        	4        	4.000    	0.000    	 0.20823   0.20086   0.30098   0.28993	-1.25752   0.31274   0.63289   0.31189  
      	     	          	           	          	           	             	                                      	 0.32422  -1.32842   0.23029   0.77392  
      	     	          	           	          	           	             	                                      	 0.43786   0.15368  -0.71261   0.12108  
      	     	          	           	          	           	             	                                      	 0.22400   0.53617   0.12569  -0.88586  

  #91	12   	-1951.20358	Yes        	4        	4.000    	0.000    	 0.24355   0.19994   0.28348   0.27303	-1.07481   0.34861   0.42326   0.30293  
      	     	          	           	          	           	             	                                      	 0.42466  -1.41573   0.24276   0.74831  
      	     	          	           	          	           	             	                                      	 0.36365   0.17122  -0.67625   0.14138  
      	     	          	           	          	           	             	                                      	 0.27022   0.54798   0.14678  -0.96498  

  #92	12   	-1972.07480	Yes        	4        	4.000    	0.000    	 0.25644   0.21902   0.27209   0.25245	-0.90741   0.31133   0.33263   0.26345  
      	     	          	           	          	           	             	                                      	 0.36453  -1.37775   0.22429   0.78893  
      	     	          	           	          	           	             	                                      	 0.31351   0.18055  -0.66087   0.16682  
      	     	          	           	          	           	             	                                      	 0.26761   0.68444   0.17979  -1.13184  

  #93	12   	-2007.81870	Yes        	4        	4.000    	0.000    	 0.22874   0.21400   0.26589   0.29137	-1.06406   0.38200   0.44477   0.23729  
      	     	          	           	          	           	             	                                      	 0.40830  -1.37693   0.25856   0.71007  
      	     	          	           	          	           	             	                                      	 0.38262   0.20810  -0.77622   0.18550  
      	     	          	           	          	           	             	                                      	 0.18628   0.52152   0.16928  -0.87708  

  #94	12   	-1780.75929	Yes        	4        	4.000    	0.000    	 0.26136   0.19318   0.27518   0.27027	-0.85010   0.31880   0.31576   0.21555  
      	     	          	           	          	           	             	                                      	 0.43131  -1.47745   0.19480   0.85134  
      	     	          	           	          	           	             	                                      	 0.29990   0.13675  -0.71181   0.27516  
      	     	          	           	          	           	             	                                      	 0.20844   0.60851   0.28017  -1.09712  

  #95	12   	-1909.86307	Yes        	4        	4.000    	0.000    	 0.23379   0.20799   0.28940   0.26882	-1.00906   0.34813   0.40263   0.25830  
      	     	          	           	          	           	             	                                      	 0.39133  -1.50457   0.30353   0.80971  
      	     	          	           	          	           	             	                                      	 0.32527   0.21814  -0.65587   0.11246  
      	     	          	           	          	           	             	                                      	 0.22464   0.62649   0.12107  -0.97220  

  #96	12   	-1848.59078	Yes        	4        	4.000    	0.000    	 0.23764   0.22935   0.28431   0.24870	-0.98788   0.40525   0.42767   0.15496  
      	     	          	           	          	           	             	                                      	 0.41990  -1.38525   0.24170   0.72364  
      	     	          	           	          	           	             	                                      	 0.35747   0.19498  -0.70662   0.15418  
      	     	          	           	          	           	             	                                      	 0.14807   0.66736   0.17626  -0.99169  

  #97	12   	-2061.19255	Yes        	4        	4.000    	0.000    	 0.27510   0.23365   0.25606   0.23519	-0.87549   0.23344   0.38505   0.25700  
      	     	          	           	          	           	             	                                      	 0.27485  -1.26146   0.24254   0.74407  
      	     	          	           	          	           	             	                                      	 0.41367   0.22131  -0.74680   0.11182  
      	     	          	           	          	           	             	                                      	 0.30062   0.73922   0.12174  -1.16157  

  #98	12   	-1915.83467	Yes        	4        	4.000    	0.000    	 0.25391   0.18483   0.28523   0.27602	-0.91618   0.32219   0.37409   0.21989  
      	     	          	           	          	           	             	                                      	 0.44262  -1.58697   0.37162   0.77274  
      	     	          	           	          	           	             	                                      	 0.33302   0.24081  -0.76965   0.19582  
      	     	          	           	          	           	             	                                      	 0.20228   0.51745   0.20236  -0.92209  

  #99	12   	-2012.03089	Yes        	4        	4.000    	0.000    	 0.24217   0.21762   0.25261   0.28760	-1.02115   0.29953   0.45705   0.26457  
      	     	          	           	          	           	             	                                      	 0.33333  -1.37611   0.35790   0.68488  
      	     	          	           	          	           	             	                                      	 0.43817   0.30832  -0.84853   0.10204  
      	     	          	           	          	           	             	                                      	 0.22278   0.51823   0.08963  -0.83064  

  #100	12   	-1831.85578	Yes        	4        	4.000    	0.000    	 0.26144   0.20707   0.27066   0.26083	-1.12599   0.44719   0.43354   0.24526  
      	     	          	           	          	           	             	                                      	 0.56462  -1.42125   0.25834   0.59828  
      	     	          	           	          	           	             	                                      	 0.41878   0.19764  -0.72076   0.10434  
      	     	          	           	          	           	             	                                      	 0.24584   0.47496   0.10827  -0.82907  

