. Sequence file : [all_organisms_full.phylip]

. Model of nucleotides substitution : GTR

. Initial tree : [BioNJ]


. Data	Nb of 	Likelihood	Discrete   	Number of 	Gamma shape	Proportion of	Nucleotides frequencies               	Instantaneous rate matrix              	
  set	taxa	loglk     	gamma model	categories	parameter  	invariant    	f(A)      f(C)      f(G)      f(T)    	[A---------C---------G---------T------]	

  #1	3   	-3226789.72233	Yes        	4        	4.000    	0.000    	 0.37562   0.13630   0.17317   0.31491	-0.87667   0.17725   0.32593   0.37349  
      	     	          	           	          	           	             	                                      	 0.48844  -1.52332   0.12351   0.91137  
      	     	          	           	          	           	             	                                      	 0.70699   0.09722  -0.97543   0.17123  
      	     	          	           	          	           	             	                                      	 0.44548   0.39447   0.09415  -0.93410  

  #2	3   	-3225891.08412	Yes        	4        	4.000    	0.000    	 0.37505   0.13653   0.17349   0.31493	-0.87810   0.17829   0.32489   0.37491  
      	     	          	           	          	           	             	                                      	 0.48976  -1.51710   0.12165   0.90569  
      	     	          	           	          	           	             	                                      	 0.70234   0.09573  -0.97335   0.17528  
      	     	          	           	          	           	             	                                      	 0.44647   0.39264   0.09656  -0.93568  

  #3	3   	-3227423.21892	Yes        	4        	4.000    	0.000    	 0.37508   0.13641   0.17347   0.31504	-0.87463   0.17949   0.32431   0.37083  
      	     	          	           	          	           	             	                                      	 0.49356  -1.53020   0.12202   0.91462  
      	     	          	           	          	           	             	                                      	 0.70122   0.09595  -0.97322   0.17605  
      	     	          	           	          	           	             	                                      	 0.44150   0.39600   0.09694  -0.93444  

  #4	3   	-3225175.76118	Yes        	4        	4.000    	0.000    	 0.37581   0.13602   0.17338   0.31478	-0.87133   0.17764   0.32345   0.37024  
      	     	          	           	          	           	             	                                      	 0.49079  -1.53504   0.12607   0.91817  
      	     	          	           	          	           	             	                                      	 0.70109   0.09891  -0.97592   0.17593  
      	     	          	           	          	           	             	                                      	 0.44202   0.39675   0.09690  -0.93568  

  #5	3   	-3226141.17860	Yes        	4        	4.000    	0.000    	 0.37578   0.13645   0.17301   0.31476	-0.87250   0.17800   0.32178   0.37271  
      	     	          	           	          	           	             	                                      	 0.49021  -1.53133   0.12535   0.91577  
      	     	          	           	          	           	             	                                      	 0.69889   0.09886  -0.97157   0.17383  
      	     	          	           	          	           	             	                                      	 0.44497   0.39699   0.09555  -0.93751  

  #6	3   	-3223377.44576	Yes        	4        	4.000    	0.000    	 0.37529   0.13613   0.17324   0.31533	-0.87834   0.17910   0.32471   0.37453  
      	     	          	           	          	           	             	                                      	 0.49374  -1.52558   0.12217   0.90966  
      	     	          	           	          	           	             	                                      	 0.70342   0.09600  -0.97200   0.17258  
      	     	          	           	          	           	             	                                      	 0.44575   0.39272   0.09481  -0.93328  

  #7	3   	-3227359.21142	Yes        	4        	4.000    	0.000    	 0.37559   0.13583   0.17318   0.31540	-0.87521   0.17853   0.32405   0.37263  
      	     	          	           	          	           	             	                                      	 0.49369  -1.53261   0.12230   0.91663  
      	     	          	           	          	           	             	                                      	 0.70281   0.09592  -0.97291   0.17417  
      	     	          	           	          	           	             	                                      	 0.44374   0.39474   0.09563  -0.93411  

  #8	3   	-3224968.89589	Yes        	4        	4.000    	0.000    	 0.37619   0.13644   0.17314   0.31423	-0.87437   0.17819   0.32422   0.37196  
      	     	          	           	          	           	             	                                      	 0.49130  -1.52455   0.12002   0.91323  
      	     	          	           	          	           	             	                                      	 0.70447   0.09458  -0.97284   0.17379  
      	     	          	           	          	           	             	                                      	 0.44531   0.39653   0.09576  -0.93760  

  #9	3   	-3226735.04692	Yes        	4        	4.000    	0.000    	 0.37587   0.13614   0.17348   0.31451	-0.87736   0.17792   0.32651   0.37293  
      	     	          	           	          	           	             	                                      	 0.49121  -1.52069   0.12226   0.90722  
      	     	          	           	          	           	             	                                      	 0.70744   0.09595  -0.97673   0.17335  
      	     	          	           	          	           	             	                                      	 0.44569   0.39271   0.09562  -0.93402  

  #10	3   	-3225904.80361	Yes        	4        	4.000    	0.000    	 0.37538   0.13600   0.17341   0.31522	-0.87591   0.17848   0.32421   0.37322  
      	     	          	           	          	           	             	                                      	 0.49264  -1.52869   0.12110   0.91496  
      	     	          	           	          	           	             	                                      	 0.70181   0.09497  -0.97153   0.17474  
      	     	          	           	          	           	             	                                      	 0.44445   0.39475   0.09613  -0.93533  

  #11	3   	-3225904.90695	Yes        	4        	4.000    	0.000    	 0.37565   0.13625   0.17338   0.31472	-0.87619   0.17765   0.32345   0.37509  
      	     	          	           	          	           	             	                                      	 0.48980  -1.52502   0.12429   0.91093  
      	     	          	           	          	           	             	                                      	 0.70080   0.09768  -0.97038   0.17191  
      	     	          	           	          	           	             	                                      	 0.44771   0.39437   0.09471  -0.93679  

  #12	3   	-3225705.20634	Yes        	4        	4.000    	0.000    	 0.37579   0.13610   0.17308   0.31503	-0.87507   0.17773   0.32591   0.37143  
      	     	          	           	          	           	             	                                      	 0.49073  -1.52890   0.12282   0.91535  
      	     	          	           	          	           	             	                                      	 0.70760   0.09658  -0.97670   0.17252  
      	     	          	           	          	           	             	                                      	 0.44306   0.39547   0.09479  -0.93332  

  #13	3   	-3226130.74498	Yes        	4        	4.000    	0.000    	 0.37555   0.13593   0.17315   0.31536	-0.87450   0.17854   0.32572   0.37024  
      	     	          	           	          	           	             	                                      	 0.49328  -1.53337   0.12199   0.91811  
      	     	          	           	          	           	             	                                      	 0.70647   0.09576  -0.97663   0.17440  
      	     	          	           	          	           	             	                                      	 0.44090   0.39573   0.09575  -0.93238  

  #14	3   	-3226936.63460	Yes        	4        	4.000    	0.000    	 0.37546   0.13610   0.17396   0.31448	-0.87695   0.17918   0.32494   0.37282  
      	     	          	           	          	           	             	                                      	 0.49434  -1.52967   0.12293   0.91240  
      	     	          	           	          	           	             	                                      	 0.70132   0.09617  -0.96899   0.17149  
      	     	          	           	          	           	             	                                      	 0.44512   0.39486   0.09487  -0.93485  

  #15	3   	-3225587.81742	Yes        	4        	4.000    	0.000    	 0.37566   0.13642   0.17325   0.31467	-0.87317   0.17721   0.32367   0.37229  
      	     	          	           	          	           	             	                                      	 0.48800  -1.52751   0.12472   0.91478  
      	     	          	           	          	           	             	                                      	 0.70181   0.09821  -0.97422   0.17421  
      	     	          	           	          	           	             	                                      	 0.44444   0.39657   0.09591  -0.93692  

  #16	3   	-3226333.88723	Yes        	4        	4.000    	0.000    	 0.37590   0.13599   0.17334   0.31477	-0.87441   0.17920   0.32488   0.37033  
      	     	          	           	          	           	             	                                      	 0.49533  -1.53306   0.12351   0.91421  
      	     	          	           	          	           	             	                                      	 0.70451   0.09689  -0.97559   0.17419  
      	     	          	           	          	           	             	                                      	 0.44225   0.39496   0.09592  -0.93313  

  #17	3   	-3227619.71291	Yes        	4        	4.000    	0.000    	 0.37597   0.13638   0.17297   0.31469	-0.87480   0.17909   0.32314   0.37257  
      	     	          	           	          	           	             	                                      	 0.49369  -1.52672   0.12284   0.91019  
      	     	          	           	          	           	             	                                      	 0.70239   0.09686  -0.97396   0.17471  
      	     	          	           	          	           	             	                                      	 0.44512   0.39447   0.09603  -0.93562  

  #18	3   	-3227115.65139	Yes        	4        	4.000    	0.000    	 0.37546   0.13668   0.17309   0.31477	-0.87519   0.17788   0.32542   0.37189  
      	     	          	           	          	           	             	                                      	 0.48864  -1.52043   0.12069   0.91110  
      	     	          	           	          	           	             	                                      	 0.70589   0.09530  -0.97666   0.17547  
      	     	          	           	          	           	             	                                      	 0.44360   0.39563   0.09649  -0.93572  

  #19	3   	-3225635.29487	Yes        	4        	4.000    	0.000    	 0.37556   0.13652   0.17310   0.31482	-0.87589   0.17857   0.32314   0.37418  
      	     	          	           	          	           	             	                                      	 0.49123  -1.52482   0.12086   0.91273  
      	     	          	           	          	           	             	                                      	 0.70111   0.09532  -0.96940   0.17296  
      	     	          	           	          	           	             	                                      	 0.44638   0.39581   0.09510  -0.93729  

  #20	3   	-3227187.81895	Yes        	4        	4.000    	0.000    	 0.37623   0.13652   0.17300   0.31425	-0.87497   0.17920   0.32401   0.37177  
      	     	          	           	          	           	             	                                      	 0.49385  -1.52563   0.12255   0.90923  
      	     	          	           	          	           	             	                                      	 0.70461   0.09671  -0.97445   0.17313  
      	     	          	           	          	           	             	                                      	 0.44509   0.39499   0.09532  -0.93540  

  #21	3   	-3226151.07408	Yes        	4        	4.000    	0.000    	 0.37556   0.13634   0.17328   0.31483	-0.87662   0.17762   0.32654   0.37246  
      	     	          	           	          	           	             	                                      	 0.48929  -1.52258   0.12318   0.91012  
      	     	          	           	          	           	             	                                      	 0.70774   0.09692  -0.97721   0.17255  
      	     	          	           	          	           	             	                                      	 0.44431   0.39414   0.09497  -0.93342  

  #22	3   	-3224649.61857	Yes        	4        	4.000    	0.000    	 0.37560   0.13617   0.17319   0.31504	-0.87486   0.17927   0.32275   0.37284  
      	     	          	           	          	           	             	                                      	 0.49447  -1.53547   0.12489   0.91612  
      	     	          	           	          	           	             	                                      	 0.69994   0.09819  -0.96932   0.17119  
      	     	          	           	          	           	             	                                      	 0.44451   0.39598   0.09411  -0.93460  

  #23	3   	-3225374.15247	Yes        	4        	4.000    	0.000    	 0.37596   0.13625   0.17331   0.31449	-0.87367   0.17708   0.32373   0.37286  
      	     	          	           	          	           	             	                                      	 0.48862  -1.52913   0.12362   0.91689  
      	     	          	           	          	           	             	                                      	 0.70228   0.09719  -0.97126   0.17179  
      	     	          	           	          	           	             	                                      	 0.44573   0.39722   0.09467  -0.93763  

  #24	3   	-3226506.31585	Yes        	4        	4.000    	0.000    	 0.37564   0.13604   0.17343   0.31488	-0.87525   0.17975   0.32379   0.37172  
      	     	          	           	          	           	             	                                      	 0.49632  -1.53235   0.12418   0.91185  
      	     	          	           	          	           	             	                                      	 0.70129   0.09741  -0.97326   0.17455  
      	     	          	           	          	           	             	                                      	 0.44345   0.39396   0.09614  -0.93355  

  #25	3   	-3224745.97332	Yes        	4        	4.000    	0.000    	 0.37537   0.13669   0.17326   0.31468	-0.87623   0.17926   0.32324   0.37373  
      	     	          	           	          	           	             	                                      	 0.49226  -1.52453   0.12126   0.91101  
      	     	          	           	          	           	             	                                      	 0.70029   0.09567  -0.96905   0.17308  
      	     	          	           	          	           	             	                                      	 0.44580   0.39573   0.09530  -0.93683  

  #26	3   	-3224083.45511	Yes        	4        	4.000    	0.000    	 0.37600   0.13591   0.17292   0.31517	-0.87466   0.17749   0.32426   0.37291  
      	     	          	           	          	           	             	                                      	 0.49103  -1.52680   0.12334   0.91243  
      	     	          	           	          	           	             	                                      	 0.70505   0.09694  -0.97753   0.17554  
      	     	          	           	          	           	             	                                      	 0.44489   0.39347   0.09632  -0.93468  

  #27	3   	-3227079.53383	Yes        	4        	4.000    	0.000    	 0.37548   0.13618   0.17316   0.31518	-0.87566   0.17963   0.32469   0.37134  
      	     	          	           	          	           	             	                                      	 0.49525  -1.53045   0.12323   0.91197  
      	     	          	           	          	           	             	                                      	 0.70405   0.09691  -0.97555   0.17459  
      	     	          	           	          	           	             	                                      	 0.44239   0.39405   0.09592  -0.93236  

  #28	3   	-3227883.14459	Yes        	4        	4.000    	0.000    	 0.37579   0.13646   0.17289   0.31487	-0.87534   0.17932   0.32496   0.37106  
      	     	          	           	          	           	             	                                      	 0.49381  -1.52495   0.12119   0.90995  
      	     	          	           	          	           	             	                                      	 0.70632   0.09565  -0.97755   0.17558  
      	     	          	           	          	           	             	                                      	 0.44285   0.39435   0.09641  -0.93361  

  #29	3   	-3224902.89431	Yes        	4        	4.000    	0.000    	 0.37574   0.13590   0.17339   0.31498	-0.87624   0.17902   0.32503   0.37220  
      	     	          	           	          	           	             	                                      	 0.49496  -1.52838   0.12400   0.90942  
      	     	          	           	          	           	             	                                      	 0.70434   0.09719  -0.97642   0.17489  
      	     	          	           	          	           	             	                                      	 0.44399   0.39237   0.09628  -0.93264  

  #30	3   	-3228017.68263	Yes        	4        	4.000    	0.000    	 0.37564   0.13641   0.17314   0.31481	-0.87403   0.17715   0.32353   0.37335  
      	     	          	           	          	           	             	                                      	 0.48780  -1.52159   0.12397   0.90982  
      	     	          	           	          	           	             	                                      	 0.70193   0.09767  -0.97666   0.17706  
      	     	          	           	          	           	             	                                      	 0.44550   0.39425   0.09738  -0.93713  

  #31	3   	-3224662.72833	Yes        	4        	4.000    	0.000    	 0.37598   0.13580   0.17343   0.31478	-0.87618   0.17892   0.32288   0.37438  
      	     	          	           	          	           	             	                                      	 0.49536  -1.52875   0.12192   0.91148  
      	     	          	           	          	           	             	                                      	 0.69995   0.09546  -0.96977   0.17435  
      	     	          	           	          	           	             	                                      	 0.44717   0.39322   0.09606  -0.93645  

  #32	3   	-3226397.63817	Yes        	4        	4.000    	0.000    	 0.37572   0.13632   0.17382   0.31414	-0.87317   0.18018   0.32282   0.37016  
      	     	          	           	          	           	             	                                      	 0.49659  -1.53319   0.12355   0.91305  
      	     	          	           	          	           	             	                                      	 0.69780   0.09690  -0.97088   0.17618  
      	     	          	           	          	           	             	                                      	 0.44272   0.39623   0.09748  -0.93642  

  #33	3   	-3226763.61734	Yes        	4        	4.000    	0.000    	 0.37577   0.13629   0.17354   0.31439	-0.87642   0.17981   0.32524   0.37137  
      	     	          	           	          	           	             	                                      	 0.49576  -1.52962   0.12358   0.91027  
      	     	          	           	          	           	             	                                      	 0.70426   0.09706  -0.97276   0.17145  
      	     	          	           	          	           	             	                                      	 0.44388   0.39463   0.09464  -0.93314  

  #34	3   	-3223846.52223	Yes        	4        	4.000    	0.000    	 0.37606   0.13614   0.17260   0.31521	-0.87229   0.17834   0.32301   0.37094  
      	     	          	           	          	           	             	                                      	 0.49264  -1.53327   0.12187   0.91875  
      	     	          	           	          	           	             	                                      	 0.70378   0.09613  -0.97548   0.17557  
      	     	          	           	          	           	             	                                      	 0.44254   0.39680   0.09613  -0.93548  

  #35	3   	-3231299.45291	Yes        	4        	4.000    	0.000    	 0.37527   0.13617   0.17427   0.31429	-0.87340   0.17856   0.32557   0.36926  
      	     	          	           	          	           	             	                                      	 0.49212  -1.52948   0.12361   0.91375  
      	     	          	           	          	           	             	                                      	 0.70110   0.09659  -0.97548   0.17779  
      	     	          	           	          	           	             	                                      	 0.44091   0.39588   0.09858  -0.93537  

  #36	3   	-3226571.24371	Yes        	4        	4.000    	0.000    	 0.37589   0.13596   0.17328   0.31488	-0.87338   0.18046   0.32242   0.37050  
      	     	          	           	          	           	             	                                      	 0.49894  -1.53699   0.12319   0.91485  
      	     	          	           	          	           	             	                                      	 0.69942   0.09666  -0.97254   0.17647  
      	     	          	           	          	           	             	                                      	 0.44229   0.39501   0.09711  -0.93441  

  #37	3   	-3224470.04844	Yes        	4        	4.000    	0.000    	 0.37548   0.13645   0.17324   0.31483	-0.87482   0.17761   0.32703   0.37019  
      	     	          	           	          	           	             	                                      	 0.48872  -1.52458   0.12489   0.91097  
      	     	          	           	          	           	             	                                      	 0.70878   0.09836  -0.98135   0.17421  
      	     	          	           	          	           	             	                                      	 0.44150   0.39483   0.09586  -0.93219  

  #38	3   	-3224594.91337	Yes        	4        	4.000    	0.000    	 0.37528   0.13643   0.17334   0.31496	-0.87520   0.17855   0.32441   0.37224  
      	     	          	           	          	           	             	                                      	 0.49115  -1.52683   0.12629   0.90940  
      	     	          	           	          	           	             	                                      	 0.70235   0.09940  -0.97632   0.17457  
      	     	          	           	          	           	             	                                      	 0.44353   0.39392   0.09607  -0.93353  

  #39	3   	-3224875.30046	Yes        	4        	4.000    	0.000    	 0.37644   0.13618   0.17308   0.31430	-0.87332   0.17820   0.32421   0.37092  
      	     	          	           	          	           	             	                                      	 0.49260  -1.52907   0.12322   0.91325  
      	     	          	           	          	           	             	                                      	 0.70515   0.09695  -0.97602   0.17391  
      	     	          	           	          	           	             	                                      	 0.44425   0.39568   0.09577  -0.93570  

  #40	3   	-3229793.32417	Yes        	4        	4.000    	0.000    	 0.37559   0.13656   0.17323   0.31462	-0.87611   0.17889   0.32583   0.37139  
      	     	          	           	          	           	             	                                      	 0.49201  -1.52371   0.12265   0.90904  
      	     	          	           	          	           	             	                                      	 0.70645   0.09669  -0.97664   0.17350  
      	     	          	           	          	           	             	                                      	 0.44336   0.39457   0.09553  -0.93345  

  #41	3   	-3226711.30323	Yes        	4        	4.000    	0.000    	 0.37554   0.13634   0.17329   0.31483	-0.87497   0.18008   0.32437   0.37052  
      	     	          	           	          	           	             	                                      	 0.49600  -1.53258   0.12372   0.91285  
      	     	          	           	          	           	             	                                      	 0.70293   0.09734  -0.97390   0.17363  
      	     	          	           	          	           	             	                                      	 0.44196   0.39532   0.09557  -0.93286  

  #42	3   	-3226017.77820	Yes        	4        	4.000    	0.000    	 0.37576   0.13623   0.17343   0.31457	-0.87510   0.17781   0.32459   0.37270  
      	     	          	           	          	           	             	                                      	 0.49044  -1.52207   0.12209   0.90955  
      	     	          	           	          	           	             	                                      	 0.70327   0.09590  -0.97576   0.17659  
      	     	          	           	          	           	             	                                      	 0.44521   0.39390   0.09736  -0.93646  

  #43	3   	-3226044.60023	Yes        	4        	4.000    	0.000    	 0.37624   0.13603   0.17309   0.31465	-0.87357   0.18112   0.32224   0.37020  
      	     	          	           	          	           	             	                                      	 0.50097  -1.53704   0.12211   0.91397  
      	     	          	           	          	           	             	                                      	 0.70046   0.09596  -0.97201   0.17559  
      	     	          	           	          	           	             	                                      	 0.44267   0.39513   0.09659  -0.93440  

  #44	3   	-3226145.26929	Yes        	4        	4.000    	0.000    	 0.37583   0.13620   0.17381   0.31416	-0.87571   0.17971   0.32520   0.37079  
      	     	          	           	          	           	             	                                      	 0.49591  -1.52813   0.12203   0.91020  
      	     	          	           	          	           	             	                                      	 0.70319   0.09562  -0.97312   0.17431  
      	     	          	           	          	           	             	                                      	 0.44357   0.39459   0.09644  -0.93460  

  #45	3   	-3226912.61894	Yes        	4        	4.000    	0.000    	 0.37615   0.13633   0.17307   0.31445	-0.87367   0.17875   0.32396   0.37096  
      	     	          	           	          	           	             	                                      	 0.49318  -1.53008   0.12303   0.91387  
      	     	          	           	          	           	             	                                      	 0.70407   0.09691  -0.97439   0.17341  
      	     	          	           	          	           	             	                                      	 0.44375   0.39620   0.09545  -0.93539  

  #46	3   	-3226864.41521	Yes        	4        	4.000    	0.000    	 0.37557   0.13620   0.17319   0.31504	-0.87291   0.17740   0.32189   0.37362  
      	     	          	           	          	           	             	                                      	 0.48919  -1.53334   0.12582   0.91833  
      	     	          	           	          	           	             	                                      	 0.69802   0.09895  -0.96989   0.17293  
      	     	          	           	          	           	             	                                      	 0.44541   0.39701   0.09507  -0.93748  

  #47	3   	-3228843.59191	Yes        	4        	4.000    	0.000    	 0.37512   0.13588   0.17406   0.31494	-0.87726   0.17984   0.32558   0.37183  
      	     	          	           	          	           	             	                                      	 0.49648  -1.53220   0.12276   0.91296  
      	     	          	           	          	           	             	                                      	 0.70167   0.09584  -0.97093   0.17341  
      	     	          	           	          	           	             	                                      	 0.44289   0.39391   0.09584  -0.93264  

  #48	3   	-3226536.04698	Yes        	4        	4.000    	0.000    	 0.37593   0.13668   0.17343   0.31395	-0.87390   0.17815   0.32443   0.37133  
      	     	          	           	          	           	             	                                      	 0.48998  -1.52385   0.12124   0.91263  
      	     	          	           	          	           	             	                                      	 0.70322   0.09555  -0.97267   0.17390  
      	     	          	           	          	           	             	                                      	 0.44464   0.39732   0.09607  -0.93803  

  #49	3   	-3226303.66465	Yes        	4        	4.000    	0.000    	 0.37574   0.13636   0.17324   0.31466	-0.87519   0.17802   0.32448   0.37268  
      	     	          	           	          	           	             	                                      	 0.49054  -1.52593   0.12268   0.91271  
      	     	          	           	          	           	             	                                      	 0.70376   0.09656  -0.97333   0.17301  
      	     	          	           	          	           	             	                                      	 0.44502   0.39553   0.09525  -0.93581  

  #50	3   	-3224004.65414	Yes        	4        	4.000    	0.000    	 0.37581   0.13619   0.17339   0.31461	-0.87478   0.17935   0.32442   0.37101  
      	     	          	           	          	           	             	                                      	 0.49492  -1.53256   0.12144   0.91620  
      	     	          	           	          	           	             	                                      	 0.70315   0.09538  -0.97117   0.17263  
      	     	          	           	          	           	             	                                      	 0.44319   0.39660   0.09514  -0.93493  

  #51	3   	-3226910.42982	Yes        	4        	4.000    	0.000    	 0.37593   0.13633   0.17325   0.31449	-0.87223   0.17715   0.32383   0.37125  
      	     	          	           	          	           	             	                                      	 0.48851  -1.52605   0.12223   0.91531  
      	     	          	           	          	           	             	                                      	 0.70268   0.09619  -0.97581   0.17694  
      	     	          	           	          	           	             	                                      	 0.44377   0.39677   0.09747  -0.93802  

  #52	3   	-3225104.74793	Yes        	4        	4.000    	0.000    	 0.37551   0.13635   0.17330   0.31485	-0.87525   0.17997   0.32485   0.37043  
      	     	          	           	          	           	             	                                      	 0.49564  -1.52870   0.12010   0.91296  
      	     	          	           	          	           	             	                                      	 0.70388   0.09449  -0.97427   0.17590  
      	     	          	           	          	           	             	                                      	 0.44180   0.39537   0.09682  -0.93399  

  #53	3   	-3223403.12544	Yes        	4        	4.000    	0.000    	 0.37560   0.13598   0.17351   0.31490	-0.87443   0.17836   0.32329   0.37278  
      	     	          	           	          	           	             	                                      	 0.49266  -1.53058   0.12267   0.91525  
      	     	          	           	          	           	             	                                      	 0.69981   0.09614  -0.97128   0.17533  
      	     	          	           	          	           	             	                                      	 0.44464   0.39523   0.09661  -0.93648  

  #54	3   	-3227382.04043	Yes        	4        	4.000    	0.000    	 0.37590   0.13628   0.17306   0.31475	-0.87539   0.17938   0.32443   0.37159  
      	     	          	           	          	           	             	                                      	 0.49475  -1.52748   0.11966   0.91307  
      	     	          	           	          	           	             	                                      	 0.70466   0.09423  -0.97339   0.17449  
      	     	          	           	          	           	             	                                      	 0.44377   0.39535   0.09594  -0.93506  

  #55	3   	-3229357.14712	Yes        	4        	4.000    	0.000    	 0.37557   0.13615   0.17335   0.31494	-0.87588   0.18040   0.32324   0.37224  
      	     	          	           	          	           	             	                                      	 0.49763  -1.53157   0.12299   0.91094  
      	     	          	           	          	           	             	                                      	 0.70032   0.09660  -0.97160   0.17468  
      	     	          	           	          	           	             	                                      	 0.44390   0.39381   0.09615  -0.93385  

  #56	3   	-3224934.41776	Yes        	4        	4.000    	0.000    	 0.37594   0.13618   0.17333   0.31455	-0.87279   0.17896   0.32306   0.37077  
      	     	          	           	          	           	             	                                      	 0.49406  -1.53164   0.12330   0.91429  
      	     	          	           	          	           	             	                                      	 0.70070   0.09687  -0.97401   0.17644  
      	     	          	           	          	           	             	                                      	 0.44314   0.39583   0.09722  -0.93619  

  #57	3   	-3224433.48868	Yes        	4        	4.000    	0.000    	 0.37625   0.13593   0.17324   0.31458	-0.87405   0.17854   0.32442   0.37110  
      	     	          	           	          	           	             	                                      	 0.49419  -1.53188   0.12258   0.91511  
      	     	          	           	          	           	             	                                      	 0.70458   0.09618  -0.97443   0.17367  
      	     	          	           	          	           	             	                                      	 0.44384   0.39542   0.09564  -0.93490  

  #58	3   	-3226676.66556	Yes        	4        	4.000    	0.000    	 0.37569   0.13622   0.17331   0.31478	-0.87461   0.17827   0.32368   0.37266  
      	     	          	           	          	           	             	                                      	 0.49166  -1.52792   0.12490   0.91136  
      	     	          	           	          	           	             	                                      	 0.70163   0.09817  -0.97440   0.17460  
      	     	          	           	          	           	             	                                      	 0.44477   0.39439   0.09613  -0.93529  

  #59	3   	-3228920.59613	Yes        	4        	4.000    	0.000    	 0.37563   0.13633   0.17332   0.31473	-0.87445   0.17851   0.32404   0.37190  
      	     	          	           	          	           	             	                                      	 0.49187  -1.52954   0.12251   0.91517  
      	     	          	           	          	           	             	                                      	 0.70229   0.09636  -0.97216   0.17351  
      	     	          	           	          	           	             	                                      	 0.44386   0.39641   0.09555  -0.93581  

  #60	3   	-3228285.99855	Yes        	4        	4.000    	0.000    	 0.37576   0.13620   0.17378   0.31427	-0.87551   0.17850   0.32589   0.37112  
      	     	          	           	          	           	             	                                      	 0.49246  -1.52641   0.12527   0.90869  
      	     	          	           	          	           	             	                                      	 0.70467   0.09818  -0.97663   0.17378  
      	     	          	           	          	           	             	                                      	 0.44373   0.39381   0.09610  -0.93363  

  #61	3   	-3224565.58921	Yes        	4        	4.000    	0.000    	 0.37600   0.13618   0.17325   0.31457	-0.87348   0.17757   0.32374   0.37217  
      	     	          	           	          	           	             	                                      	 0.49028  -1.52912   0.12225   0.91659  
      	     	          	           	          	           	             	                                      	 0.70261   0.09610  -0.97245   0.17374  
      	     	          	           	          	           	             	                                      	 0.44484   0.39681   0.09569  -0.93734  

  #62	3   	-3226408.35631	Yes        	4        	4.000    	0.000    	 0.37528   0.13645   0.17316   0.31510	-0.87468   0.17868   0.32284   0.37316  
      	     	          	           	          	           	             	                                      	 0.49142  -1.52449   0.11920   0.91387  
      	     	          	           	          	           	             	                                      	 0.69966   0.09393  -0.97138   0.17778  
      	     	          	           	          	           	             	                                      	 0.44443   0.39573   0.09770  -0.93787  

  #63	3   	-3227752.38580	Yes        	4        	4.000    	0.000    	 0.37597   0.13614   0.17358   0.31431	-0.87276   0.17763   0.32427   0.37086  
      	     	          	           	          	           	             	                                      	 0.49055  -1.52911   0.12402   0.91454  
      	     	          	           	          	           	             	                                      	 0.70238   0.09727  -0.97523   0.17558  
      	     	          	           	          	           	             	                                      	 0.44362   0.39612   0.09697  -0.93671  

  #64	3   	-3224738.54989	Yes        	4        	4.000    	0.000    	 0.37505   0.13622   0.17327   0.31546	-0.87743   0.17753   0.32612   0.37378  
      	     	          	           	          	           	             	                                      	 0.48876  -1.52439   0.12414   0.91149  
      	     	          	           	          	           	             	                                      	 0.70590   0.09760  -0.97575   0.17225  
      	     	          	           	          	           	             	                                      	 0.44438   0.39361   0.09461  -0.93260  

  #65	3   	-3225192.29931	Yes        	4        	4.000    	0.000    	 0.37546   0.13629   0.17310   0.31515	-0.87620   0.17979   0.32586   0.37055  
      	     	          	           	          	           	             	                                      	 0.49529  -1.52884   0.12163   0.91191  
      	     	          	           	          	           	             	                                      	 0.70677   0.09577  -0.97678   0.17424  
      	     	          	           	          	           	             	                                      	 0.44146   0.39437   0.09571  -0.93154  

  #66	3   	-3229337.60392	Yes        	4        	4.000    	0.000    	 0.37592   0.13592   0.17335   0.31480	-0.87354   0.17750   0.32386   0.37218  
      	     	          	           	          	           	             	                                      	 0.49093  -1.53069   0.12214   0.91762  
      	     	          	           	          	           	             	                                      	 0.70231   0.09577  -0.97280   0.17473  
      	     	          	           	          	           	             	                                      	 0.44444   0.39620   0.09622  -0.93685  

  #67	3   	-3224699.53052	Yes        	4        	4.000    	0.000    	 0.37593   0.13607   0.17340   0.31460	-0.87321   0.17802   0.32417   0.37102  
      	     	          	           	          	           	             	                                      	 0.49183  -1.53004   0.12379   0.91442  
      	     	          	           	          	           	             	                                      	 0.70277   0.09714  -0.97563   0.17572  
      	     	          	           	          	           	             	                                      	 0.44334   0.39549   0.09686  -0.93569  

  #68	3   	-3226079.57414	Yes        	4        	4.000    	0.000    	 0.37540   0.13648   0.17312   0.31499	-0.87455   0.17783   0.32425   0.37247  
      	     	          	           	          	           	             	                                      	 0.48914  -1.52769   0.12377   0.91478  
      	     	          	           	          	           	             	                                      	 0.70312   0.09758  -0.97367   0.17297  
      	     	          	           	          	           	             	                                      	 0.44391   0.39636   0.09506  -0.93534  

  #69	3   	-3228232.63868	Yes        	4        	4.000    	0.000    	 0.37542   0.13651   0.17344   0.31463	-0.87487   0.18001   0.32446   0.37040  
      	     	          	           	          	           	             	                                      	 0.49503  -1.53151   0.12186   0.91462  
      	     	          	           	          	           	             	                                      	 0.70230   0.09592  -0.97157   0.17335  
      	     	          	           	          	           	             	                                      	 0.44196   0.39684   0.09556  -0.93436  

  #70	3   	-3227342.44711	Yes        	4        	4.000    	0.000    	 0.37576   0.13629   0.17343   0.31453	-0.87587   0.17914   0.32259   0.37415  
      	     	          	           	          	           	             	                                      	 0.49390  -1.52394   0.12051   0.90954  
      	     	          	           	          	           	             	                                      	 0.69893   0.09470  -0.96951   0.17589  
      	     	          	           	          	           	             	                                      	 0.44698   0.39411   0.09698  -0.93808  

  #71	3   	-3227892.54680	Yes        	4        	4.000    	0.000    	 0.37615   0.13603   0.17338   0.31445	-0.87362   0.17871   0.32378   0.37112  
      	     	          	           	          	           	             	                                      	 0.49417  -1.53042   0.12123   0.91501  
      	     	          	           	          	           	             	                                      	 0.70247   0.09512  -0.97311   0.17552  
      	     	          	           	          	           	             	                                      	 0.44394   0.39583   0.09678  -0.93655  

  #72	3   	-3227196.66603	Yes        	4        	4.000    	0.000    	 0.37517   0.13648   0.17353   0.31482	-0.87394   0.18142   0.32306   0.36946  
      	     	          	           	          	           	             	                                      	 0.49871  -1.53972   0.12256   0.91845  
      	     	          	           	          	           	             	                                      	 0.69847   0.09640  -0.96802   0.17316  
      	     	          	           	          	           	             	                                      	 0.44027   0.39816   0.09544  -0.93387  

  #73	3   	-3225759.44828	Yes        	4        	4.000    	0.000    	 0.37587   0.13643   0.17316   0.31454	-0.87375   0.17868   0.32301   0.37206  
      	     	          	           	          	           	             	                                      	 0.49227  -1.52597   0.12228   0.91141  
      	     	          	           	          	           	             	                                      	 0.70115   0.09635  -0.97394   0.17644  
      	     	          	           	          	           	             	                                      	 0.44460   0.39533   0.09713  -0.93707  

  #74	3   	-3225981.92885	Yes        	4        	4.000    	0.000    	 0.37539   0.13616   0.17353   0.31493	-0.87450   0.17808   0.32542   0.37100  
      	     	          	           	          	           	             	                                      	 0.49098  -1.53117   0.12421   0.91598  
      	     	          	           	          	           	             	                                      	 0.70397   0.09746  -0.97485   0.17342  
      	     	          	           	          	           	             	                                      	 0.44222   0.39602   0.09555  -0.93380  

  #75	3   	-3225468.18830	Yes        	4        	4.000    	0.000    	 0.37650   0.13588   0.17310   0.31451	-0.87393   0.17772   0.32273   0.37348  
      	     	          	           	          	           	             	                                      	 0.49243  -1.52982   0.12302   0.91438  
      	     	          	           	          	           	             	                                      	 0.70194   0.09657  -0.97181   0.17331  
      	     	          	           	          	           	             	                                      	 0.44709   0.39505   0.09538  -0.93753  

  #76	3   	-3226933.54450	Yes        	4        	4.000    	0.000    	 0.37637   0.13644   0.17318   0.31400	-0.87308   0.17941   0.32314   0.37052  
      	     	          	           	          	           	             	                                      	 0.49491  -1.53249   0.12579   0.91180  
      	     	          	           	          	           	             	                                      	 0.70229   0.09910  -0.97362   0.17224  
      	     	          	           	          	           	             	                                      	 0.44412   0.39619   0.09499  -0.93530  

  #77	3   	-3226018.53176	Yes        	4        	4.000    	0.000    	 0.37507   0.13601   0.17374   0.31519	-0.87472   0.17878   0.32381   0.37213  
      	     	          	           	          	           	             	                                      	 0.49303  -1.53395   0.12299   0.91794  
      	     	          	           	          	           	             	                                      	 0.69906   0.09628  -0.97001   0.17468  
      	     	          	           	          	           	             	                                      	 0.44282   0.39610   0.09629  -0.93520  

  #78	3   	-3228060.83738	Yes        	4        	4.000    	0.000    	 0.37535   0.13647   0.17342   0.31476	-0.87742   0.17859   0.32492   0.37392  
      	     	          	           	          	           	             	                                      	 0.49117  -1.51930   0.12099   0.90714  
      	     	          	           	          	           	             	                                      	 0.70324   0.09521  -0.97347   0.17501  
      	     	          	           	          	           	             	                                      	 0.44589   0.39332   0.09642  -0.93563  

  #79	3   	-3230130.38316	Yes        	4        	4.000    	0.000    	 0.37526   0.13666   0.17331   0.31476	-0.87568   0.17781   0.32448   0.37339  
      	     	          	           	          	           	             	                                      	 0.48824  -1.52139   0.12260   0.91055  
      	     	          	           	          	           	             	                                      	 0.70257   0.09668  -0.97348   0.17424  
      	     	          	           	          	           	             	                                      	 0.44516   0.39535   0.09594  -0.93644  

  #80	3   	-3224390.74536	Yes        	4        	4.000    	0.000    	 0.37510   0.13624   0.17344   0.31522	-0.87569   0.17751   0.32532   0.37286  
      	     	          	           	          	           	             	                                      	 0.48872  -1.52679   0.12106   0.91700  
      	     	          	           	          	           	             	                                      	 0.70360   0.09510  -0.97223   0.17353  
      	     	          	           	          	           	             	                                      	 0.44370   0.39634   0.09548  -0.93552  

  #81	3   	-3227832.85687	Yes        	4        	4.000    	0.000    	 0.37582   0.13614   0.17277   0.31528	-0.87698   0.17839   0.32542   0.37317  
      	     	          	           	          	           	             	                                      	 0.49246  -1.52163   0.12178   0.90739  
      	     	          	           	          	           	             	                                      	 0.70788   0.09596  -0.97926   0.17542  
      	     	          	           	          	           	             	                                      	 0.44482   0.39181   0.09612  -0.93276  

  #82	3   	-3227397.80783	Yes        	4        	4.000    	0.000    	 0.37541   0.13613   0.17354   0.31492	-0.87298   0.17847   0.32537   0.36914  
      	     	          	           	          	           	             	                                      	 0.49217  -1.53577   0.12425   0.91935  
      	     	          	           	          	           	             	                                      	 0.70385   0.09746  -0.97542   0.17411  
      	     	          	           	          	           	             	                                      	 0.44003   0.39740   0.09595  -0.93338  

  #83	3   	-3227558.83203	Yes        	4        	4.000    	0.000    	 0.37520   0.13624   0.17370   0.31485	-0.87669   0.17993   0.32592   0.37085  
      	     	          	           	          	           	             	                                      	 0.49551  -1.52889   0.12346   0.90992  
      	     	          	           	          	           	             	                                      	 0.70399   0.09683  -0.97511   0.17428  
      	     	          	           	          	           	             	                                      	 0.44194   0.39373   0.09615  -0.93182  

  #84	3   	-3227003.45233	Yes        	4        	4.000    	0.000    	 0.37540   0.13566   0.17340   0.31553	-0.87389   0.17885   0.32477   0.37026  
      	     	          	           	          	           	             	                                      	 0.49493  -1.54119   0.12472   0.92154  
      	     	          	           	          	           	             	                                      	 0.70311   0.09758  -0.97371   0.17302  
      	     	          	           	          	           	             	                                      	 0.44052   0.39621   0.09508  -0.93181  

  #85	3   	-3227651.21805	Yes        	4        	4.000    	0.000    	 0.37484   0.13646   0.17333   0.31536	-0.87615   0.17842   0.32452   0.37321  
      	     	          	           	          	           	             	                                      	 0.49012  -1.52544   0.11994   0.91537  
      	     	          	           	          	           	             	                                      	 0.70179   0.09442  -0.97104   0.17483  
      	     	          	           	          	           	             	                                      	 0.44360   0.39608   0.09609  -0.93577  

  #86	3   	-3228212.02602	Yes        	4        	4.000    	0.000    	 0.37556   0.13628   0.17351   0.31465	-0.87436   0.17936   0.32411   0.37089  
      	     	          	           	          	           	             	                                      	 0.49426  -1.53353   0.12611   0.91316  
      	     	          	           	          	           	             	                                      	 0.70153   0.09905  -0.97345   0.17286  
      	     	          	           	          	           	             	                                      	 0.44268   0.39551   0.09532  -0.93352  

  #87	3   	-3228980.68425	Yes        	4        	4.000    	0.000    	 0.37554   0.13642   0.17315   0.31489	-0.87445   0.17804   0.32360   0.37281  
      	     	          	           	          	           	             	                                      	 0.49011  -1.52764   0.12517   0.91235  
      	     	          	           	          	           	             	                                      	 0.70186   0.09862  -0.97414   0.17366  
      	     	          	           	          	           	             	                                      	 0.44462   0.39526   0.09549  -0.93537  

  #88	3   	-3227665.88534	Yes        	4        	4.000    	0.000    	 0.37583   0.13626   0.17292   0.31499	-0.87149   0.17858   0.32245   0.37046  
      	     	          	           	          	           	             	                                      	 0.49255  -1.53283   0.12224   0.91804  
      	     	          	           	          	           	             	                                      	 0.70083   0.09633  -0.97483   0.17766  
      	     	          	           	          	           	             	                                      	 0.44201   0.39712   0.09753  -0.93666  

  #89	3   	-3225925.19203	Yes        	4        	4.000    	0.000    	 0.37608   0.13605   0.17291   0.31496	-0.87606   0.17791   0.32457   0.37358  
      	     	          	           	          	           	             	                                      	 0.49180  -1.52663   0.12219   0.91264  
      	     	          	           	          	           	             	                                      	 0.70594   0.09614  -0.97409   0.17201  
      	     	          	           	          	           	             	                                      	 0.44607   0.39422   0.09443  -0.93473  

  #90	3   	-3227994.01543	Yes        	4        	4.000    	0.000    	 0.37627   0.13608   0.17272   0.31494	-0.87466   0.17903   0.32278   0.37285  
      	     	          	           	          	           	             	                                      	 0.49503  -1.52712   0.12313   0.90896  
      	     	          	           	          	           	             	                                      	 0.70320   0.09701  -0.97649   0.17628  
      	     	          	           	          	           	             	                                      	 0.44546   0.39275   0.09667  -0.93488  

  #91	3   	-3228933.07799	Yes        	4        	4.000    	0.000    	 0.37513   0.13604   0.17348   0.31535	-0.87490   0.17857   0.32541   0.37092  
      	     	          	           	          	           	             	                                      	 0.49241  -1.53332   0.12447   0.91645  
      	     	          	           	          	           	             	                                      	 0.70364   0.09760  -0.97532   0.17408  
      	     	          	           	          	           	             	                                      	 0.44123   0.39534   0.09577  -0.93233  

  #92	3   	-3226123.89154	Yes        	4        	4.000    	0.000    	 0.37516   0.13671   0.17301   0.31512	-0.87495   0.17969   0.32435   0.37092  
      	     	          	           	          	           	             	                                      	 0.49312  -1.52860   0.12399   0.91149  
      	     	          	           	          	           	             	                                      	 0.70336   0.09798  -0.97584   0.17450  
      	     	          	           	          	           	             	                                      	 0.44159   0.39543   0.09580  -0.93282  

  #93	3   	-3228029.27737	Yes        	4        	4.000    	0.000    	 0.37559   0.13635   0.17289   0.31517	-0.87585   0.17945   0.32418   0.37223  
      	     	          	           	          	           	             	                                      	 0.49430  -1.52467   0.12090   0.90946  
      	     	          	           	          	           	             	                                      	 0.70424   0.09535  -0.97628   0.17669  
      	     	          	           	          	           	             	                                      	 0.44359   0.39346   0.09693  -0.93398  

  #94	3   	-3227583.74803	Yes        	4        	4.000    	0.000    	 0.37576   0.13655   0.17291   0.31478	-0.87472   0.17860   0.32463   0.37150  
      	     	          	           	          	           	             	                                      	 0.49145  -1.52595   0.12316   0.91134  
      	     	          	           	          	           	             	                                      	 0.70546   0.09727  -0.97653   0.17381  
      	     	          	           	          	           	             	                                      	 0.44346   0.39534   0.09547  -0.93428  

  #95	3   	-3228549.21142	Yes        	4        	4.000    	0.000    	 0.37583   0.13615   0.17313   0.31490	-0.87276   0.17801   0.32433   0.37042  
      	     	          	           	          	           	             	                                      	 0.49139  -1.53470   0.12375   0.91957  
      	     	          	           	          	           	             	                                      	 0.70405   0.09731  -0.97435   0.17299  
      	     	          	           	          	           	             	                                      	 0.44209   0.39758   0.09511  -0.93478  

  #96	3   	-3227753.41902	Yes        	4        	4.000    	0.000    	 0.37517   0.13648   0.17284   0.31551	-0.87575   0.17802   0.32471   0.37301  
      	     	          	           	          	           	             	                                      	 0.48938  -1.52263   0.12211   0.91114  
      	     	          	           	          	           	             	                                      	 0.70482   0.09642  -0.97732   0.17607  
      	     	          	           	          	           	             	                                      	 0.44354   0.39411   0.09645  -0.93411  

  #97	3   	-3229250.71667	Yes        	4        	4.000    	0.000    	 0.37565   0.13651   0.17345   0.31439	-0.87406   0.17806   0.32402   0.37198  
      	     	          	           	          	           	             	                                      	 0.49000  -1.52770   0.12593   0.91177  
      	     	          	           	          	           	             	                                      	 0.70176   0.09911  -0.97385   0.17298  
      	     	          	           	          	           	             	                                      	 0.44446   0.39588   0.09543  -0.93578  

  #98	3   	-3226862.45870	Yes        	4        	4.000    	0.000    	 0.37524   0.13610   0.17364   0.31502	-0.87545   0.17649   0.32484   0.37413  
      	     	          	           	          	           	             	                                      	 0.48659  -1.52571   0.12592   0.91320  
      	     	          	           	          	           	             	                                      	 0.70199   0.09870  -0.97384   0.17314  
      	     	          	           	          	           	             	                                      	 0.44566   0.39454   0.09544  -0.93565  

  #99	3   	-3226285.06589	Yes        	4        	4.000    	0.000    	 0.37564   0.13648   0.17343   0.31444	-0.87610   0.17879   0.32459   0.37272  
      	     	          	           	          	           	             	                                      	 0.49207  -1.52538   0.12360   0.90972  
      	     	          	           	          	           	             	                                      	 0.70305   0.09727  -0.97255   0.17223  
      	     	          	           	          	           	             	                                      	 0.44526   0.39487   0.09499  -0.93512  

  #100	3   	-3226803.60395	Yes        	4        	4.000    	0.000    	 0.37510   0.13658   0.17292   0.31540	-0.87713   0.17871   0.32320   0.37521  
      	     	          	           	          	           	             	                                      	 0.49083  -1.52344   0.12427   0.90834  
      	     	          	           	          	           	             	                                      	 0.70109   0.09815  -0.97247   0.17323  
      	     	          	           	          	           	             	                                      	 0.44624   0.39334   0.09498  -0.93456  

